pixel vinkelx vinkely
0 -0.17096721482625726329 0.00000000000000000000
1 -0.17041437015422411516 0.00000000000000000000
2 -0.16986152548219093927 0.00000000000000000000
3 -0.16930868081015776339 0.00000000000000000000
4 -0.16875583613812461525 0.00000000000000000000
5 -0.16820299146609141161 0.00000000000000000000
6 -0.16765014679405826348 0.00000000000000000000
7 -0.16709730212202511535 0.00000000000000000000
8 -0.16654445744999191170 0.00000000000000000000
9 -0.16599161277795876357 0.00000000000000000000
10 -0.16543876810592558768 0.00000000000000000000
11 -0.16488592343389241179 0.00000000000000000000
12 -0.16433307876185926366 0.00000000000000000000
13 -0.16378023408982608777 0.00000000000000000000
14 -0.16322738941779291189 0.00000000000000000000
15 -0.16267454474575976375 0.00000000000000000000
16 -0.16212170007372656011 0.00000000000000000000
17 -0.16156885540169341198 0.00000000000000000000
18 -0.16101601072966026384 0.00000000000000000000
19 -0.16046316605762706020 0.00000000000000000000
20 -0.15991032138559391207 0.00000000000000000000
21 -0.15935747671356073618 0.00000000000000000000
22 -0.15880463204152756029 0.00000000000000000000
23 -0.15825178736949441216 0.00000000000000000000
24 -0.15769894269746123627 0.00000000000000000000
25 -0.15714609802542806039 0.00000000000000000000
26 -0.15659325335339491225 0.00000000000000000000
27 -0.15604040868136170861 0.00000000000000000000
28 -0.15548756400932856048 0.00000000000000000000
29 -0.15493471933729541234 0.00000000000000000000
30 -0.15438187466526220870 0.00000000000000000000
31 -0.15382902999322906057 0.00000000000000000000
32 -0.15327618532119591244 0.00000000000000000000
33 -0.15272334064916270879 0.00000000000000000000
34 -0.15217049597712956066 0.00000000000000000000
35 -0.15161765130509638477 0.00000000000000000000
36 -0.15106480663306320888 0.00000000000000000000
37 -0.15051196196103006075 0.00000000000000000000
38 -0.14995911728899685711 0.00000000000000000000
39 -0.14940627261696370898 0.00000000000000000000
40 -0.14885342794493056084 0.00000000000000000000
41 -0.14830058327289735720 0.00000000000000000000
42 -0.14774773860086420907 0.00000000000000000000
43 -0.14719489392883106094 0.00000000000000000000
44 -0.14664204925679785729 0.00000000000000000000
45 -0.14608920458476470916 0.00000000000000000000
46 -0.14553635991273153327 0.00000000000000000000
47 -0.14498351524069835738 0.00000000000000000000
48 -0.14443067056866520925 0.00000000000000000000
49 -0.14387782589663200561 0.00000000000000000000
50 -0.14332498122459885748 0.00000000000000000000
51 -0.14277213655256570934 0.00000000000000000000
52 -0.14221929188053250570 0.00000000000000000000
53 -0.14166644720849935757 0.00000000000000000000
54 -0.14111360253646620944 0.00000000000000000000
55 -0.14056075786443300579 0.00000000000000000000
56 -0.14000791319239985766 0.00000000000000000000
57 -0.13945506852036668177 0.00000000000000000000
58 -0.13890222384833350588 0.00000000000000000000
59 -0.13834937917630035775 0.00000000000000000000
60 -0.13779653450426715411 0.00000000000000000000
61 -0.13724368983223400598 0.00000000000000000000
62 -0.13669084516020085784 0.00000000000000000000
63 -0.13613800048816765420 0.00000000000000000000
64 -0.13558515581613450607 0.00000000000000000000
65 -0.13503231114410135794 0.00000000000000000000
66 -0.13447946647206815429 0.00000000000000000000
67 -0.13392662180003500616 0.00000000000000000000
68 -0.13337377712800183027 0.00000000000000000000
69 -0.13282093245596865438 0.00000000000000000000
70 -0.13226808778393550625 0.00000000000000000000
71 -0.13171524311190230261 0.00000000000000000000
72 -0.13116239843986915448 0.00000000000000000000
73 -0.13060955376783600634 0.00000000000000000000
74 -0.13005670909580280270 0.00000000000000000000
75 -0.12950386442376965457 0.00000000000000000000
76 -0.12895101975173650644 0.00000000000000000000
77 -0.12839817507970330279 0.00000000000000000000
78 -0.12784533040767015466 0.00000000000000000000
79 -0.12729248573563697877 0.00000000000000000000
80 -0.12673964106360380288 0.00000000000000000000
81 -0.12618679639157065475 0.00000000000000000000
82 -0.12563395171953745111 0.00000000000000000000
83 -0.12508110704750430298 0.00000000000000000000
84 -0.12452826237547114097 0.00000000000000000000
85 -0.12397541770343796508 0.00000000000000000000
86 -0.12342257303140480307 0.00000000000000000000
87 -0.12286972835937162718 0.00000000000000000000
88 -0.12231688368733846517 0.00000000000000000000
89 -0.12176403901530530316 0.00000000000000000000
90 -0.12121119434327212727 0.00000000000000000000
91 -0.12065834967123896526 0.00000000000000000000
92 -0.12010550499920578937 0.00000000000000000000
93 -0.11955266032717262736 0.00000000000000000000
94 -0.11899981565513946535 0.00000000000000000000
95 -0.11844697098310628947 0.00000000000000000000
96 -0.11789412631107312746 0.00000000000000000000
97 -0.11734128163903995157 0.00000000000000000000
98 -0.11678843696700677568 0.00000000000000000000
99 -0.11623559229497361367 0.00000000000000000000
100 -0.11568274762294045166 0.00000000000000000000
101 -0.11512990295090727577 0.00000000000000000000
102 -0.11457705827887411376 0.00000000000000000000
103 -0.11402421360684095175 0.00000000000000000000
104 -0.11347136893480777586 0.00000000000000000000
105 -0.11291852426277459998 0.00000000000000000000
106 -0.11236567959074143797 0.00000000000000000000
107 -0.11181283491870826208 0.00000000000000000000
108 -0.11125999024667510007 0.00000000000000000000
109 -0.11070714557464193806 0.00000000000000000000
110 -0.11015430090260876217 0.00000000000000000000
111 -0.10960145623057560016 0.00000000000000000000
112 -0.10904861155854242427 0.00000000000000000000
113 -0.10849576688650924838 0.00000000000000000000
114 -0.10794292221447610025 0.00000000000000000000
115 -0.10739007754244292436 0.00000000000000000000
116 -0.10683723287040974848 0.00000000000000000000
117 -0.10628438819837660034 0.00000000000000000000
118 -0.10573154352634342446 0.00000000000000000000
119 -0.10517869885431024857 0.00000000000000000000
120 -0.10462585418227707268 0.00000000000000000000
121 -0.10407300951024391067 0.00000000000000000000
122 -0.10352016483821074866 0.00000000000000000000
123 -0.10296732016617757277 0.00000000000000000000
124 -0.10241447549414441076 0.00000000000000000000
125 -0.10186163082211124875 0.00000000000000000000
126 -0.10130878615007807286 0.00000000000000000000
127 -0.10075594147804491085 0.00000000000000000000
128 -0.10020309680601172109 0.00000000000000000000
129 -0.09965025213397857295 0.00000000000000000000
130 -0.09909740746194539707 0.00000000000000000000
131 -0.09854456278991222118 0.00000000000000000000
132 -0.09799171811787907305 0.00000000000000000000
133 -0.09743887344584589716 0.00000000000000000000
134 -0.09688602877381272127 0.00000000000000000000
135 -0.09633318410177957314 0.00000000000000000000
136 -0.09578033942974639725 0.00000000000000000000
137 -0.09522749475771322136 0.00000000000000000000
138 -0.09467465008568004547 0.00000000000000000000
139 -0.09412180541364688346 0.00000000000000000000
140 -0.09356896074161372145 0.00000000000000000000
141 -0.09301611606958054557 0.00000000000000000000
142 -0.09246327139754738356 0.00000000000000000000
143 -0.09191042672551422155 0.00000000000000000000
144 -0.09135758205348104566 0.00000000000000000000
145 -0.09080473738144786977 0.00000000000000000000
146 -0.09025189270941469388 0.00000000000000000000
147 -0.08969904803738154575 0.00000000000000000000
148 -0.08914620336534836986 0.00000000000000000000
149 -0.08859335869331519397 0.00000000000000000000
150 -0.08804051402128204584 0.00000000000000000000
151 -0.08748766934924886995 0.00000000000000000000
152 -0.08693482467721569407 0.00000000000000000000
153 -0.08638198000518253206 0.00000000000000000000
154 -0.08582913533314935617 0.00000000000000000000
155 -0.08527629066111619416 0.00000000000000000000
156 -0.08472344598908301827 0.00000000000000000000
157 -0.08417060131704985626 0.00000000000000000000
158 -0.08361775664501669425 0.00000000000000000000
159 -0.08306491197298351836 0.00000000000000000000
160 -0.08251206730095034247 0.00000000000000000000
161 -0.08195922262891719434 0.00000000000000000000
162 -0.08140637795688401845 0.00000000000000000000
163 -0.08085353328485084257 0.00000000000000000000
164 -0.08030068861281766668 0.00000000000000000000
165 -0.07974784394078451855 0.00000000000000000000
166 -0.07919499926875134266 0.00000000000000000000
167 -0.07864215459671816677 0.00000000000000000000
168 -0.07808930992468501864 0.00000000000000000000
169 -0.07753646525265184275 0.00000000000000000000
170 -0.07698362058061866686 0.00000000000000000000
171 -0.07643077590858550485 0.00000000000000000000
172 -0.07587793123655232896 0.00000000000000000000
173 -0.07532508656451916695 0.00000000000000000000
174 -0.07477224189248599107 0.00000000000000000000
175 -0.07421939722045282906 0.00000000000000000000
176 -0.07366655254841966705 0.00000000000000000000
177 -0.07311370787638649116 0.00000000000000000000
178 -0.07256086320435331527 0.00000000000000000000
179 -0.07200801853232016714 0.00000000000000000000
180 -0.07145517386028699125 0.00000000000000000000
181 -0.07090232918825381536 0.00000000000000000000
182 -0.07034948451622063947 0.00000000000000000000
183 -0.06979663984418749134 0.00000000000000000000
184 -0.06924379517215431545 0.00000000000000000000
185 -0.06869095050012113957 0.00000000000000000000
186 -0.06813810582808797756 0.00000000000000000000
187 -0.06758526115605481555 0.00000000000000000000
188 -0.06703241648402163966 0.00000000000000000000
189 -0.06647957181198849153 0.00000000000000000000
190 -0.06592672713995528788 0.00000000000000000000
191 -0.06537388246792213975 0.00000000000000000000
192 -0.06482103779588896386 0.00000000000000000000
193 -0.06426819312385578797 0.00000000000000000000
194 -0.06371534845182263984 0.00000000000000000000
195 -0.06316250377978946395 0.00000000000000000000
196 -0.06260965910775628807 0.00000000000000000000
197 -0.06205681443572312606 0.00000000000000000000
198 -0.06150396976368995711 0.00000000000000000000
199 -0.06095112509165679510 0.00000000000000000000
200 -0.06039828041962362615 0.00000000000000000000
201 -0.05984543574759044332 0.00000000000000000000
202 -0.05929259107555729519 0.00000000000000000000
203 -0.05873974640352410542 0.00000000000000000000
204 -0.05818690173149095729 0.00000000000000000000
205 -0.05763405705945778140 0.00000000000000000000
206 -0.05708121238742461939 0.00000000000000000000
207 -0.05652836771539144350 0.00000000000000000000
208 -0.05597552304335828149 0.00000000000000000000
209 -0.05542267837132510561 0.00000000000000000000
210 -0.05486983369929193666 0.00000000000000000000
211 -0.05431698902725876771 0.00000000000000000000
212 -0.05376414435522560570 0.00000000000000000000
213 -0.05321129968319243675 0.00000000000000000000
214 -0.05265845501115926780 0.00000000000000000000
215 -0.05210561033912610579 0.00000000000000000000
216 -0.05155276566709291602 0.00000000000000000000
217 -0.05099992099505976789 0.00000000000000000000
218 -0.05044707632302659200 0.00000000000000000000
219 -0.04989423165099342999 0.00000000000000000000
220 -0.04934138697896025411 0.00000000000000000000
221 -0.04878854230692709210 0.00000000000000000000
222 -0.04823569763489391621 0.00000000000000000000
223 -0.04768285296286076114 0.00000000000000000000
224 -0.04713000829082757831 0.00000000000000000000
225 -0.04657716361879441630 0.00000000000000000000
226 -0.04602431894676125429 0.00000000000000000000
227 -0.04547147427472807146 0.00000000000000000000
228 -0.04491862960269490945 0.00000000000000000000
229 -0.04436578493066174744 0.00000000000000000000
230 -0.04381294025862857155 0.00000000000000000000
231 -0.04326009558659540954 0.00000000000000000000
232 -0.04270725091456224753 0.00000000000000000000
233 -0.04215440624252905777 0.00000000000000000000
234 -0.04160156157049590964 0.00000000000000000000
235 -0.04104871689846273375 0.00000000000000000000
236 -0.04049587222642957174 0.00000000000000000000
237 -0.03994302755439639585 0.00000000000000000000
238 -0.03939018288236323384 0.00000000000000000000
239 -0.03883733821033005795 0.00000000000000000000
240 -0.03828449353829689594 0.00000000000000000000
241 -0.03773164886626372005 0.00000000000000000000
242 -0.03717880419423055804 0.00000000000000000000
243 -0.03662595952219738216 0.00000000000000000000
244 -0.03607311485016422015 0.00000000000000000000
245 -0.03552027017813105814 0.00000000000000000000
246 -0.03496742550609788225 0.00000000000000000000
247 -0.03441458083406472024 0.00000000000000000000
248 -0.03386173616203153047 0.00000000000000000000
249 -0.03330889148999838234 0.00000000000000000000
250 -0.03275604681796520645 0.00000000000000000000
251 -0.03220320214593204444 0.00000000000000000000
252 -0.03165035747389886855 0.00000000000000000000
253 -0.03109751280186570654 0.00000000000000000000
254 -0.03054466812983253066 0.00000000000000000000
255 -0.02999182345779938252 0.00000000000000000000
256 -0.02943897878576619276 0.00000000000000000000
257 -0.02888613411373303075 0.00000000000000000000
258 -0.02833328944169986874 0.00000000000000000000
259 -0.02778044476966669285 0.00000000000000000000
260 -0.02722760009763353084 0.00000000000000000000
261 -0.02667475542560036883 0.00000000000000000000
262 -0.02612191075356719294 0.00000000000000000000
263 -0.02556906608153401705 0.00000000000000000000
264 -0.02501622140950085504 0.00000000000000000000
265 -0.02446337673746767916 0.00000000000000000000
266 -0.02391053206543451715 0.00000000000000000000
267 -0.02335768739340134126 0.00000000000000000000
268 -0.02280484272136819313 0.00000000000000000000
269 -0.02225199804933500336 0.00000000000000000000
270 -0.02169915337730185523 0.00000000000000000000
271 -0.02114630870526867934 0.00000000000000000000
272 -0.02059346403323551733 0.00000000000000000000
273 -0.02004061936120234144 0.00000000000000000000
274 -0.01948777468916916555 0.00000000000000000000
275 -0.01893493001713600354 0.00000000000000000000
276 -0.01838208534510284153 0.00000000000000000000
277 -0.01782924067306966565 0.00000000000000000000
278 -0.01727639600103650364 0.00000000000000000000
279 -0.01672355132900332775 0.00000000000000000000
280 -0.01617070665697015186 0.00000000000000000000
281 -0.01561786198493700373 0.00000000000000000000
282 -0.01506501731290381396 0.00000000000000000000
283 -0.01451217264087066583 0.00000000000000000000
284 -0.01395932796883748994 0.00000000000000000000
285 -0.01340648329680432793 0.00000000000000000000
286 -0.01285363862477115204 0.00000000000000000000
287 -0.01230079395273799003 0.00000000000000000000
288 -0.01174794928070481415 0.00000000000000000000
289 -0.01119510460867163826 0.00000000000000000000
290 -0.01064225993663847625 0.00000000000000000000
291 -0.01008941526460531424 0.00000000000000000000
292 -0.00953657059257213835 0.00000000000000000000
293 -0.00898372592053897634 0.00000000000000000000
294 -0.00843088124850581433 0.00000000000000000000
295 -0.00787803657647263844 0.00000000000000000000
296 -0.00732519190443947643 0.00000000000000000000
297 -0.00677234723240630054 0.00000000000000000000
298 -0.00621950256037313853 0.00000000000000000000
299 -0.00566665788833996265 0.00000000000000000000
300 -0.00511381321630680064 0.00000000000000000000
301 -0.00456096854427362475 0.00000000000000000000
302 -0.00400812387224046274 0.00000000000000000000
303 -0.00345527920020728685 0.00000000000000000000
304 -0.00290243452817412484 0.00000000000000000000
305 -0.00234958985614094895 0.00000000000000000000
306 -0.00179674518410778694 0.00000000000000000000
307 -0.00124390051207462493 0.00000000000000000000
308 -0.00069105584004144904 0.00000000000000000000
309 -0.00013821116800828703 0.00000000000000000000
310 0.00041463350402488885 0.00000000000000000000
311 0.00096747817605805086 0.00000000000000000000
312 0.00152032284809122675 0.00000000000000000000
313 0.00207316752012438876 0.00000000000000000000
314 0.00262601219215756465 0.00000000000000000000
315 0.00317885686419072666 0.00000000000000000000
316 0.00373170153622390255 0.00000000000000000000
317 0.00428454620825705068 0.00000000000000000000
318 0.00483739088029024045 0.00000000000000000000
319 0.00539023555232338858 0.00000000000000000000
320 0.00594308022435656447 0.00000000000000000000
321 0.00649592489638974036 0.00000000000000000000
322 0.00704876956842290237 0.00000000000000000000
323 0.00760161424045606438 0.00000000000000000000
324 0.00815445891248924026 0.00000000000000000000
325 0.00870730358452241615 0.00000000000000000000
326 0.00926014825655557816 0.00000000000000000000
327 0.00981299292858874017 0.00000000000000000000
328 0.01036583760062191606 0.00000000000000000000
329 0.01091868227265509195 0.00000000000000000000
330 0.01147152694468824008 0.00000000000000000000
331 0.01202437161672142985 0.00000000000000000000
332 0.01257721628875457798 0.00000000000000000000
333 0.01313006096078775387 0.00000000000000000000
334 0.01368290563282091588 0.00000000000000000000
335 0.01423575030485409176 0.00000000000000000000
336 0.01478859497688725377 0.00000000000000000000
337 0.01534143964892042966 0.00000000000000000000
338 0.01589428432095359167 0.00000000000000000000
339 0.01644712899298676756 0.00000000000000000000
340 0.01699997366501992957 0.00000000000000000000
341 0.01755281833705310546 0.00000000000000000000
342 0.01810566300908626747 0.00000000000000000000
343 0.01865850768111942948 0.00000000000000000000
344 0.01921135235315261924 0.00000000000000000000
345 0.01976419702518576738 0.00000000000000000000
346 0.02031704169721894326 0.00000000000000000000
347 0.02086988636925210527 0.00000000000000000000
348 0.02142273104128528116 0.00000000000000000000
349 0.02197557571331844317 0.00000000000000000000
350 0.02252842038535161906 0.00000000000000000000
351 0.02308126505738478107 0.00000000000000000000
352 0.02363410972941795696 0.00000000000000000000
353 0.02418695440145111897 0.00000000000000000000
354 0.02473979907348429486 0.00000000000000000000
355 0.02529264374551745687 0.00000000000000000000
356 0.02584548841755061888 0.00000000000000000000
357 0.02639833308958379476 0.00000000000000000000
358 0.02695117776161695677 0.00000000000000000000
359 0.02750402243365011878 0.00000000000000000000
360 0.02805686710568329467 0.00000000000000000000
361 0.02860971177771647056 0.00000000000000000000
362 0.02916255644974963257 0.00000000000000000000
363 0.02971540112178280846 0.00000000000000000000
364 0.03026824579381597047 0.00000000000000000000
365 0.03082109046584914636 0.00000000000000000000
366 0.03137393513788229449 0.00000000000000000000
367 0.03192677980991548425 0.00000000000000000000
368 0.03247962448194864626 0.00000000000000000000
369 0.03303246915398180827 0.00000000000000000000
370 0.03358531382601498416 0.00000000000000000000
371 0.03413815849804814617 0.00000000000000000000
372 0.03469100317008132206 0.00000000000000000000
373 0.03524384784211448407 0.00000000000000000000
374 0.03579669251414764608 0.00000000000000000000
375 0.03634953718618080809 0.00000000000000000000
376 0.03690238185821398398 0.00000000000000000000
377 0.03745522653024717374 0.00000000000000000000
378 0.03800807120228032188 0.00000000000000000000
379 0.03856091587431349776 0.00000000000000000000
380 0.03911376054634665977 0.00000000000000000000
381 0.03966660521837983566 0.00000000000000000000
382 0.04021944989041298379 0.00000000000000000000
383 0.04077229456244617356 0.00000000000000000000
384 0.04132513923447932169 0.00000000000000000000
385 0.04187798390651249758 0.00000000000000000000
386 0.04243082857854568735 0.00000000000000000000
387 0.04298367325057883548 0.00000000000000000000
388 0.04353651792261199749 0.00000000000000000000
389 0.04408936259464517338 0.00000000000000000000
390 0.04464220726667834926 0.00000000000000000000
391 0.04519505193871151127 0.00000000000000000000
392 0.04574789661074468716 0.00000000000000000000
393 0.04630074128277784917 0.00000000000000000000
394 0.04685358595481102506 0.00000000000000000000
395 0.04740643062684418707 0.00000000000000000000
396 0.04795927529887736296 0.00000000000000000000
397 0.04851211997091052497 0.00000000000000000000
398 0.04906496464294370086 0.00000000000000000000
399 0.04961780931497684899 0.00000000000000000000
400 0.05017065398701002488 0.00000000000000000000
401 0.05072349865904318689 0.00000000000000000000
402 0.05127634333107636277 0.00000000000000000000
403 0.05182918800310955254 0.00000000000000000000
404 0.05238203267514270067 0.00000000000000000000
405 0.05293487734717584881 0.00000000000000000000
406 0.05348772201920903857 0.00000000000000000000
407 0.05404056669124221446 0.00000000000000000000
408 0.05459341136327536259 0.00000000000000000000
409 0.05514625603530855236 0.00000000000000000000
410 0.05569910070734170049 0.00000000000000000000
411 0.05625194537937487638 0.00000000000000000000
412 0.05680479005140803839 0.00000000000000000000
413 0.05735763472344121428 0.00000000000000000000
414 0.05791047939547437629 0.00000000000000000000
415 0.05846332406750755217 0.00000000000000000000
416 0.05901616873954071418 0.00000000000000000000
417 0.05956901341157389007 0.00000000000000000000
418 0.06012185808360705208 0.00000000000000000000
419 0.06067470275564022797 0.00000000000000000000
420 0.06122754742767340386 0.00000000000000000000
421 0.06178039209970656587 0.00000000000000000000
422 0.06233323677173971400 0.00000000000000000000
423 0.06288608144377290377 0.00000000000000000000
424 0.06343892611580607965 0.00000000000000000000
425 0.06399177078783922779 0.00000000000000000000
426 0.06454461545987240367 0.00000000000000000000
427 0.06509746013190556568 0.00000000000000000000
428 0.06565030480393874157 0.00000000000000000000
429 0.06620314947597190358 0.00000000000000000000
430 0.06675599414800507947 0.00000000000000000000
431 0.06730883882003822760 0.00000000000000000000
432 0.06786168349207141737 0.00000000000000000000
433 0.06841452816410459326 0.00000000000000000000
434 0.06896737283613774139 0.00000000000000000000
435 0.06952021750817090340 0.00000000000000000000
436 0.07007306218020407929 0.00000000000000000000
437 0.07062590685223725517 0.00000000000000000000
438 0.07117875152427041718 0.00000000000000000000
439 0.07173159619630357919 0.00000000000000000000
440 0.07228444086833675508 0.00000000000000000000
441 0.07283728554036993097 0.00000000000000000000
442 0.07339013021240309298 0.00000000000000000000
443 0.07394297488443626887 0.00000000000000000000
444 0.07449581955646943088 0.00000000000000000000
445 0.07504866422850260677 0.00000000000000000000
446 0.07560150890053575490 0.00000000000000000000
447 0.07615435357256894466 0.00000000000000000000
448 0.07670719824460209280 0.00000000000000000000
449 0.07726004291663528256 0.00000000000000000000
450 0.07781288758866845845 0.00000000000000000000
451 0.07836573226070160658 0.00000000000000000000
452 0.07891857693273475471 0.00000000000000000000
453 0.07947142160476794448 0.00000000000000000000
454 0.08002426627680112037 0.00000000000000000000
455 0.08057711094883429626 0.00000000000000000000
456 0.08112995562086744439 0.00000000000000000000
457 0.08168280029290062028 0.00000000000000000000
458 0.08223564496493379616 0.00000000000000000000
459 0.08278848963696694430 0.00000000000000000000
460 0.08334133430900014794 0.00000000000000000000
461 0.08389417898103326832 0.00000000000000000000
462 0.08444702365306647196 0.00000000000000000000
463 0.08499986832509962009 0.00000000000000000000
464 0.08555271299713279598 0.00000000000000000000
465 0.08610555766916594411 0.00000000000000000000
466 0.08665840234119912000 0.00000000000000000000
467 0.08721124701323232364 0.00000000000000000000
468 0.08776409168526547178 0.00000000000000000000
469 0.08831693635729861991 0.00000000000000000000
470 0.08886978102933179580 0.00000000000000000000
471 0.08942262570136497168 0.00000000000000000000
472 0.08997547037339814757 0.00000000000000000000
473 0.09052831504543129570 0.00000000000000000000
474 0.09108115971746447159 0.00000000000000000000
475 0.09163400438949764748 0.00000000000000000000
476 0.09218684906153079561 0.00000000000000000000
477 0.09273969373356399926 0.00000000000000000000
478 0.09329253840559714739 0.00000000000000000000
479 0.09384538307763032328 0.00000000000000000000
480 0.09439822774966349916 0.00000000000000000000
481 0.09495107242169664730 0.00000000000000000000
482 0.09550391709372982318 0.00000000000000000000
483 0.09605676176576299907 0.00000000000000000000
484 0.09660960643779617496 0.00000000000000000000
485 0.09716245110982932309 0.00000000000000000000
486 0.09771529578186247122 0.00000000000000000000
487 0.09826814045389567487 0.00000000000000000000
488 0.09882098512592885076 0.00000000000000000000
489 0.09937382979796199889 0.00000000000000000000
490 0.09992667446999517478 0.00000000000000000000
491 0.10047951914202832291 0.00000000000000000000
492 0.10103236381406152655 0.00000000000000000000
493 0.10158520848609464693 0.00000000000000000000
494 0.10213805315812785057 0.00000000000000000000
495 0.10269089783016099870 0.00000000000000000000
496 0.10324374250219417459 0.00000000000000000000
497 0.10379658717422737824 0.00000000000000000000
498 0.10434943184626049861 0.00000000000000000000
499 0.10490227651829367450 0.00000000000000000000
500 0.10545512119032685039 0.00000000000000000000
501 0.10600796586236002628 0.00000000000000000000
502 0.10656081053439320216 0.00000000000000000000
503 0.10711365520642635030 0.00000000000000000000
504 0.10766649987845952618 0.00000000000000000000
505 0.10821934455049270207 0.00000000000000000000
506 0.10877218922252585021 0.00000000000000000000
507 0.10932503389455905385 0.00000000000000000000
508 0.10987787856659220198 0.00000000000000000000
509 0.11043072323862537787 0.00000000000000000000
510 0.11098356791065852600 0.00000000000000000000
511 0.11153641258269170189 0.00000000000000000000
512 0.11208925725472487778 0.00000000000000000000
513 0.11264210192675802591 0.00000000000000000000
514 0.11319494659879122955 0.00000000000000000000
515 0.11374779127082437769 0.00000000000000000000
516 0.11430063594285752582 0.00000000000000000000
517 0.11485348061489070171 0.00000000000000000000
518 0.11540632528692387759 0.00000000000000000000
519 0.11595916995895705348 0.00000000000000000000
520 0.11651201463099022937 0.00000000000000000000
521 0.11706485930302337750 0.00000000000000000000
522 0.11761770397505655339 0.00000000000000000000
523 0.11817054864708970152 0.00000000000000000000
524 0.11872339331912290517 0.00000000000000000000
525 0.11927623799115605330 0.00000000000000000000
526 0.11982908266318922919 0.00000000000000000000
527 0.12038192733522240507 0.00000000000000000000
528 0.12093477200725555321 0.00000000000000000000
529 0.12148761667928872909 0.00000000000000000000
530 0.12204046135132190498 0.00000000000000000000
531 0.12259330602335508087 0.00000000000000000000
532 0.12314615069538825676 0.00000000000000000000
533 0.12369899536742137713 0.00000000000000000000
534 0.12425184003945458078 0.00000000000000000000
535 0.12480468471148775667 0.00000000000000000000
536 0.12535752938352090480 0.00000000000000000000
537 0.12591037405555408069 0.00000000000000000000
538 0.12646321872758722882 0.00000000000000000000
539 0.12701606339962043246 0.00000000000000000000
540 0.12756890807165358059 0.00000000000000000000
541 0.12812175274368675648 0.00000000000000000000
542 0.12867459741571990461 0.00000000000000000000
543 0.12922744208775308050 0.00000000000000000000
544 0.12978028675978625639 0.00000000000000000000
545 0.13033313143181940452 0.00000000000000000000
546 0.13088597610385258041 0.00000000000000000000
547 0.13143882077588575630 0.00000000000000000000
548 0.13199166544791893219 0.00000000000000000000
549 0.13254451011995210807 0.00000000000000000000
550 0.13309735479198525621 0.00000000000000000000
551 0.13365019946401843209 0.00000000000000000000
552 0.13420304413605160798 0.00000000000000000000
553 0.13475588880808475611 0.00000000000000000000
554 0.13530873348011795976 0.00000000000000000000
555 0.13586157815215110789 0.00000000000000000000
556 0.13641442282418428378 0.00000000000000000000
557 0.13696726749621743191 0.00000000000000000000
558 0.13752011216825060780 0.00000000000000000000
559 0.13807295684028378369 0.00000000000000000000
560 0.13862580151231695957 0.00000000000000000000
561 0.13917864618435013546 0.00000000000000000000
562 0.13973149085638328359 0.00000000000000000000
563 0.14028433552841643173 0.00000000000000000000
564 0.14083718020044963537 0.00000000000000000000
565 0.14139002487248278350 0.00000000000000000000
566 0.14194286954451595939 0.00000000000000000000
567 0.14249571421654910752 0.00000000000000000000
568 0.14304855888858228341 0.00000000000000000000
569 0.14360140356061545930 0.00000000000000000000
570 0.14415424823264860743 0.00000000000000000000
571 0.14470709290468181107 0.00000000000000000000
572 0.14525993757671495921 0.00000000000000000000
573 0.14581278224874813509 0.00000000000000000000
574 0.14636562692078131098 0.00000000000000000000
575 0.14691847159281445911 0.00000000000000000000
576 0.14747131626484763500 0.00000000000000000000
577 0.14802416093688081089 0.00000000000000000000
578 0.14857700560891398678 0.00000000000000000000
579 0.14912985028094716267 0.00000000000000000000
580 0.14968269495298028304 0.00000000000000000000
581 0.15023553962501348669 0.00000000000000000000
582 0.15078838429704666257 0.00000000000000000000
583 0.15134122896907981071 0.00000000000000000000
584 0.15189407364111301435 0.00000000000000000000
585 0.15244691831314613473 0.00000000000000000000
586 0.15299976298517933837 0.00000000000000000000
587 0.15355260765721248650 0.00000000000000000000
588 0.15410545232924566239 0.00000000000000000000
589 0.15465829700127881052 0.00000000000000000000
590 0.15521114167331198641 0.00000000000000000000
591 0.15576398634534516230 0.00000000000000000000
592 0.15631683101737833819 0.00000000000000000000
593 0.15686967568941148632 0.00000000000000000000
594 0.15742252036144466221 0.00000000000000000000
595 0.15797536503347783809 0.00000000000000000000
596 0.15852820970551101398 0.00000000000000000000
597 0.15908105437754416212 0.00000000000000000000
598 0.15963389904957733800 0.00000000000000000000
599 0.16018674372161051389 0.00000000000000000000
600 0.16073958839364366202 0.00000000000000000000
601 0.16129243306567686567 0.00000000000000000000
602 0.16184527773771001380 0.00000000000000000000
603 0.16239812240974318969 0.00000000000000000000
604 0.16295096708177636557 0.00000000000000000000
605 0.16350381175380951371 0.00000000000000000000
606 0.16405665642584268960 0.00000000000000000000
607 0.16460950109787586548 0.00000000000000000000
608 0.16516234576990904137 0.00000000000000000000
609 0.16571519044194218950 0.00000000000000000000
610 0.16626803511397533764 0.00000000000000000000
611 0.16682087978600854128 0.00000000000000000000
612 0.16737372445804171717 0.00000000000000000000
613 0.16792656913007486530 0.00000000000000000000
614 0.16847941380210801343 0.00000000000000000000
615 0.16903225847414118932 0.00000000000000000000
616 0.16958510314617439296 0.00000000000000000000
617 0.17013794781820751334 0.00000000000000000000
618 0.17069079249024071698 0.00000000000000000000
619 0.17124363716227386512 0.00000000000000000000
